timestamp,x,y
1701073435096,nan,nan
1701073435132,nan,nan
1701073435165,nan,nan
1701073435207,0.3236437439918518,0.3248852491378784
1701073435242,0.3023836016654968,0.23516994714736938
1701073435279,0.3184475898742676,0.2520180344581604
1701073435316,0.3615522086620331,0.2961769700050354
1701073435351,0.3924289345741272,0.30365341901779175
1701073435384,0.3359957635402679,0.2708367109298706
1701073435417,nan,nan
1701073435452,nan,nan
1701073435488,nan,nan
1701073435523,nan,nan
1701073435602,nan,nan
1701073435637,nan,nan
1701073435674,nan,nan
1701073435710,nan,nan
1701073435745,0.4429744780063629,0.22227925062179565
1701073435779,0.4698551893234253,0.3288944959640503
1701073435815,0.4825150668621063,0.4825446605682373
1701073435853,0.484316736459732,0.48992031812667847
1701073435888,0.4888873696327209,0.48255813121795654
1701073435923,0.4839808344841003,0.4873795509338379
1701073435960,0.4794791936874389,0.5084194242954254
1701073435994,0.4844606816768646,0.5172802209854126
1701073436029,0.4911041557788849,0.49139899015426636
1701073436062,0.505522608757019,0.4816194772720337
1701073436097,0.4975754618644714,0.4626504182815552
1701073436133,0.4844870865345001,0.4818965196609497
1701073436169,0.4850780069828033,0.46826469898223877
1701073436204,0.4913859963417053,0.47132956981658936
1701073436239,0.494862288236618,0.47440457344055176
1701073436275,0.5071658492088318,0.4826897382736206
1701073436311,0.5289159417152405,0.5004522204399109
1701073436350,0.527444064617157,0.49134111404418945
1701073436387,0.5149354338645935,0.46683013439178467
1701073436423,0.5140020251274109,0.47076040506362915
1701073436458,0.5198882818222046,0.4835050702095032
1701073436493,0.5152950286865234,0.45365017652511597
1701073436529,0.5039743781089783,0.4459165930747986
1701073436568,0.5088953971862793,0.456972599029541
1701073436604,0.52405846118927,0.45404767990112305
1701073436639,0.534657895565033,0.44191521406173706
1701073436675,0.5371517539024353,0.4508267641067505
1701073436711,0.5473056435585022,0.4379335641860962
1701073436745,0.5358284711837769,0.4301363229751587
1701073436780,0.5386295914649963,0.3951619267463684
1701073436814,0.5379658937454224,0.3723710775375366
1701073436849,0.4610770940780639,0.3505929708480835
1701073436883,0.4559121429920196,0.3438578248023987
1701073436919,0.4461267292499542,0.3299415707588196
1701073436955,0.460862249135971,0.33897435665130615
1701073436989,0.4758884906768799,0.32184118032455444
1701073437024,0.5018158555030823,0.30979734659194946
1701073437060,0.5153349041938782,0.2939288020133972
1701073437097,0.5211474299430847,0.2915099263191223
1701073437133,0.5196066498756409,0.3016969561576843
1701073437170,0.6336097717285156,0.2199605107307434
1701073437206,0.7050191760063171,0.21354448795318604
1701073437241,0.7496159672737122,0.18549036979675293
1701073437276,0.7980950474739075,0.18574506044387817
1701073437311,0.8636018633842468,0.1531350016593933
1701073437345,0.8500175476074219,0.15613919496536255
1701073437381,0.8600150346755981,0.172801673412323
1701073437415,0.8564021587371826,0.16121608018875122
1701073437451,0.8451136350631714,0.1377047300338745
1701073437487,0.828668475151062,0.1305503249168396
1701073437522,0.5174759030342102,0.22140288352966309
1701073437557,0.4700725078582763,0.23849517107009888
1701073437602,0.4736320972442627,0.2981073260307312
1701073437644,0.4730952382087707,0.31921857595443726
1701073437683,0.4659053087234497,0.36569535732269287
1701073437721,0.4767277538776397,0.3492332696914673
1701073437758,0.4856005311012268,0.3255980610847473
1701073437796,0.471040815114975,0.3238116502761841
1701073437833,0.4607526659965515,0.2919030785560608
1701073437869,0.4604004621505737,0.29393768310546875
1701073437910,0.459461510181427,0.2798793911933899
1701073437947,0.4507552087306976,0.2626487612724304
1701073437985,0.4561709761619568,0.24092519283294678
1701073438022,0.4762779474258423,0.2520303726196289
1701073438059,0.4793607592582702,0.2354525327682495
1701073438096,0.4734667241573334,0.22591948509216309
1701073438135,0.4566781520843506,0.22686368227005005
1701073438172,0.4573153555393219,0.23314374685287476
1701073438209,0.4487197399139404,0.2211713194847107
1701073438246,0.4449586570262909,0.249456524848938
1701073438282,0.4367141127586365,0.283078134059906
1701073438317,0.4443210661411285,0.2966023087501526
1701073438354,0.4558820128440857,0.29363465309143066
1701073438391,0.439096063375473,0.28355610370635986
1701073438425,0.4446705877780914,0.2976951003074646
1701073438461,0.4478050768375397,0.2806692123413086
1701073438496,0.4522207081317901,0.30697619915008545
1701073438530,nan,nan
1701073438562,nan,nan
1701073438595,nan,nan
1701073438626,nan,nan
1701073438654,nan,nan
1701073438684,nan,nan
1701073438716,nan,nan
1701073438752,nan,nan
1701073438784,nan,nan
1701073438817,nan,nan
1701073438855,nan,nan
1701073438894,nan,nan
1701073438935,nan,nan
1701073438976,nan,nan
1701073439015,nan,nan
1701073439052,nan,nan
1701073439089,nan,nan
1701073439124,nan,nan
1701073439160,nan,nan
1701073439195,nan,nan
1701073439228,nan,nan
1701073439261,nan,nan
1701073439296,nan,nan
1701073439330,nan,nan
1701073439362,nan,nan
1701073439393,nan,nan
1701073439424,nan,nan
1701073439455,nan,nan
1701073439488,nan,nan
1701073439520,nan,nan
1701073439556,nan,nan
1701073439588,nan,nan
1701073439620,nan,nan
1701073439656,nan,nan
1701073439689,nan,nan
1701073439720,nan,nan
1701073439756,nan,nan
1701073439788,nan,nan
1701073439824,nan,nan
1701073439856,nan,nan
1701073439888,nan,nan
1701073439924,nan,nan
1701073439956,nan,nan
1701073439988,0.311687171459198,0.3282512426376343
1701073440024,0.4106314480304718,0.33857810497283936
1701073440059,0.4840713441371918,0.3371596336364746
1701073440093,0.5588375329971313,0.19304990768432617
1701073440127,0.5970891118049622,0.1178210973739624
1701073440162,0.6198727488517761,0.022109806537628174
1701073440196,0.6039092540740967,0.00037211179733276367
1701073440229,0.5861079692840576,0.03525650501251221
1701073440264,0.5663898587226868,0.06293272972106922
1701073440300,0.5964224934577942,0.09678971767425537
1701073440336,0.5944933891296387,0.09989506006240845
1701073440372,0.5966165661811829,0.05309039354324341
1701073440410,0.5876522064208984,0.033015429973602406
1701073440445,0.533833920955658,0.08670836687088002
1701073440480,0.5455666780471802,0.07374387979507435
1701073440517,nan,nan
1701073440553,nan,nan
1701073440588,nan,nan
1701073440623,nan,nan
1701073440656,nan,nan
1701073440690,nan,nan
1701073440722,nan,nan
1701073440756,nan,nan
1701073440787,nan,nan
1701073440823,nan,nan
1701073440856,nan,nan
1701073440893,nan,nan
1701073440933,nan,nan
1701073440972,nan,nan
1701073441012,nan,nan
1701073441049,nan,nan
1701073441086,nan,nan
1701073441123,nan,nan
1701073441159,nan,nan
1701073441197,nan,nan
1701073441234,nan,nan
1701073441270,nan,nan
1701073441307,nan,nan
1701073441344,nan,nan
1701073441381,nan,nan
1701073441419,nan,nan
1701073441457,nan,nan
1701073441495,nan,nan
1701073441533,nan,nan
1701073441573,nan,nan
1701073441609,nan,nan
1701073441646,nan,nan
1701073441683,nan,nan
1701073441721,nan,nan
1701073441759,nan,nan
1701073441796,nan,nan
1701073441833,nan,nan
1701073441869,nan,nan
1701073441905,nan,nan
1701073441941,nan,nan
1701073441978,nan,nan
1701073442011,nan,nan
1701073442041,nan,nan
1701073442070,nan,nan
1701073442100,nan,nan
1701073442136,nan,nan
1701073442169,nan,nan
1701073442200,nan,nan
1701073442236,nan,nan
1701073442268,nan,nan
1701073442304,nan,nan
1701073442339,0.650314211845398,0.8912091702222825
1701073442375,0.3828949332237243,0.11018776893615723
1701073442415,0.2006190866231918,0.03134101629257202
1701073442450,nan,nan
1701073442487,0.3329097926616668,0.10297983884811401
1701073442524,0.3569661378860473,0.14656364917755127
1701073442564,0.3737108409404754,0.15330243110656738
1701073442602,0.3860464096069336,0.13930600881576538
1701073442640,0.395024687051773,0.11657631397247314
1701073442676,0.3970447480678558,0.08600705862045277
1701073442713,0.3965625166893005,0.09308087825775158
1701073442751,0.3898286819458008,0.08238351345062256
1701073442787,0.3921086192131042,0.0879327654838562
1701073442825,0.3994821012020111,0.07133728265762318
1701073442864,0.3942728638648987,0.07194334268569957
1701073442906,nan,nan
1701073442940,nan,nan
1701073442972,nan,nan
1701073443004,nan,nan
1701073443040,nan,nan
1701073443072,nan,nan
1701073443108,nan,nan
1701073443140,nan,nan
1701073443176,nan,nan
1701073443216,nan,nan
1701073443255,nan,nan
1701073443298,nan,nan
1701073443337,nan,nan
1701073443376,nan,nan
1701073443413,nan,nan
1701073443445,nan,nan
1701073443476,nan,nan
1701073443508,nan,nan
1701073443544,nan,nan
1701073443578,nan,nan
1701073443611,nan,nan
1701073443645,nan,nan
1701073443681,nan,nan
1701073443714,nan,nan
1701073443752,nan,nan
1701073443790,nan,nan
1701073443830,nan,nan
1701073443869,nan,nan
1701073443906,nan,nan
1701073443944,nan,nan
1701073443983,0.3141104280948639,0.0026475191116331898
1701073444021,0.309347540140152,0.02234584093093883
1701073444059,0.3134593367576599,0.0032152533531187855
1701073444099,nan,nan
1701073444138,0.3411511778831482,0.02607816457748402
1701073444176,0.3464471101760864,0.04888385534286499
1701073444216,0.3448953330516815,0.05753713846206676
1701073444254,0.3641050457954407,0.06823790073394775
1701073444292,0.3623154759407043,0.07590472698211681
1701073444331,0.3826135993003845,0.06121081113815319
1701073444367,0.4030360579490661,0.055406093597412
1701073444408,0.3998284935951233,0.05791109800338756
1701073444445,0.4094623625278473,0.06695568561553955
1701073444482,0.4023295044898987,0.07697612047195435
1701073444521,0.4110869467258453,0.07838743925094604
1701073444558,nan,nan
1701073444597,nan,nan
1701073444636,nan,nan
1701073444677,nan,nan
1701073444716,nan,nan
1701073444754,nan,nan
1701073444787,nan,nan
1701073444817,nan,nan
1701073444848,nan,nan
1701073444884,nan,nan
1701073444916,nan,nan
1701073444948,nan,nan
1701073444984,nan,nan
1701073445016,nan,nan
1701073445052,nan,nan
1701073445084,nan,nan
1701073445116,nan,nan
1701073445152,nan,nan
1701073445184,nan,nan
1701073445218,nan,nan
1701073445252,nan,nan
1701073445285,nan,nan
1701073445320,nan,nan
1701073445356,nan,nan
1701073445389,nan,nan
1701073445426,nan,nan
1701073445461,nan,nan
1701073445496,nan,nan
1701073445530,nan,nan
1701073445565,nan,nan
1701073445601,nan,nan
1701073445637,nan,nan
1701073445670,nan,nan
1701073445705,nan,nan
1701073445738,nan,nan
1701073445772,nan,nan
1701073445806,nan,nan
1701073445841,nan,nan
1701073445875,nan,nan
1701073445909,nan,nan
1701073445944,nan,nan
1701073445979,nan,nan
1701073446013,nan,nan
1701073446046,nan,nan
1701073446079,nan,nan
1701073446111,nan,nan
1701073446143,nan,nan
1701073446176,nan,nan
1701073446210,nan,nan
1701073446243,nan,nan
1701073446275,nan,nan
1701073446307,nan,nan
1701073446340,nan,nan
1701073446373,nan,nan
1701073446408,nan,nan
1701073446444,nan,nan
1701073446481,nan,nan
1701073446520,nan,nan
1701073446557,nan,nan
1701073446596,nan,nan
1701073446633,nan,nan
1701073446670,nan,nan
1701073446707,nan,nan
1701073446744,nan,nan
1701073446781,nan,nan
1701073446817,nan,nan
1701073446853,nan,nan
1701073446888,nan,nan
1701073446924,nan,nan
1701073446960,nan,nan
1701073446997,nan,nan
1701073447033,nan,nan
1701073447068,nan,nan
1701073447103,nan,nan
1701073447141,nan,nan
1701073447176,nan,nan
1701073447214,nan,nan
1701073447253,nan,nan
1701073447289,nan,nan
1701073447320,nan,nan
1701073447349,nan,nan
1701073447379,nan,nan
1701073447407,nan,nan
1701073447436,nan,nan
1701073447464,nan,nan
1701073447496,nan,nan
1701073447529,nan,nan
1701073447564,nan,nan
1701073447598,nan,nan
1701073447632,0.2350454777479171,0.2787218689918518
1701073447667,0.1899697482585907,0.3956678509712219
1701073447701,0.1381550729274749,0.4597248435020447
1701073447737,0.1296587139368057,0.4860702157020569
1701073447770,0.1485733985900879,0.4873969554901123
1701073447806,0.1526025682687759,0.4696117639541626
1701073447841,0.1570004075765609,0.45460277795791626
1701073447878,0.1637884676456451,0.41715335845947266
1701073447912,0.1633821576833725,0.4172363877296448
1701073447946,0.1999219059944152,0.42860686779022217
1701073447979,0.2123823910951614,0.4252690076828003
1701073448013,0.2144821733236313,0.44467246532440186
1701073448049,0.1978844106197357,0.42374253273010254
1701073448085,0.1850923895835876,0.4212777018547058
1701073448122,0.1785539388656616,0.4107401967048645
1701073448159,0.216530367732048,0.3412711024284363
1701073448197,0.2221523970365524,0.31979620456695557
1701073448235,0.208880215883255,0.38540780544281006
1701073448273,0.2086775004863739,0.39148640632629395
1701073448312,0.2539048194885254,0.38995200395584106
1701073448349,0.3158719539642334,0.40290558338165283
1701073448389,0.3601152002811432,0.35380011796951294
1701073448427,0.3587551116943359,0.38942939043045044
1701073448468,0.3601261079311371,0.3621549606323242
1701073448505,0.3639835715293884,0.39376258850097656
1701073448563,0.5341423153877258,0.4168385863304138
1701073448604,0.6196355223655701,0.4406753182411194
1701073448642,0.648409366607666,0.49195051193237305
1701073448679,0.6394684910774231,0.47568273544311523
1701073448718,0.6449187397956848,0.4256993532180786
1701073448755,0.6332244873046875,0.3899694085121155
1701073448791,0.5993010997772217,0.3965924382209778
1701073448827,nan,nan
1701073448862,nan,nan
1701073448888,nan,nan
1701073448914,nan,nan
1701073448939,nan,nan
1701073448972,nan,nan
1701073449004,nan,nan
1701073449036,nan,nan
1701073449072,nan,nan
1701073449104,nan,nan
1701073449140,nan,nan
1701073449174,nan,nan
1701073449208,nan,nan
1701073449243,nan,nan
1701073449276,nan,nan
1701073449309,nan,nan
1701073449344,nan,nan
1701073449378,nan,nan
1701073449411,nan,nan
1701073449444,nan,nan
1701073449473,nan,nan
1701073449508,nan,nan
1701073449541,nan,nan
1701073449572,nan,nan
1701073449608,nan,nan
1701073449640,nan,nan
1701073449676,nan,nan
1701073449708,nan,nan
1701073449740,0.0890446081757545,0.3995180130004883
1701073449776,0.1117135882377624,0.48382145166397095
1701073449815,0.3130384981632232,0.3972032070159912
1701073449855,0.3770548403263092,0.349842369556427
1701073449895,0.4092734754085541,0.347958505153656
1701073449935,0.4253110289573669,0.36802494525909424
1701073449973,0.4139853417873382,0.33045148849487305
1701073450012,0.4066351652145386,0.32163918018341064
1701073450053,0.3692352175712585,0.3330514430999756
1701073450092,0.3466295599937439,0.29895585775375366
1701073450131,0.3502856791019439,0.30839991569519043
1701073450171,0.3639709651470184,0.2878674268722534
1701073450212,0.3543325960636139,0.23143208026885986
1701073450254,nan,nan
1701073450290,nan,nan
1701073450320,nan,nan
1701073450347,nan,nan
1701073450380,nan,nan
1701073450412,nan,nan
1701073450444,nan,nan
1701073450480,nan,nan
1701073450513,nan,nan
1701073450548,nan,nan
1701073450585,nan,nan
1701073450621,nan,nan
1701073450659,nan,nan
1701073450697,nan,nan
1701073450733,nan,nan
1701073450771,nan,nan
1701073450807,nan,nan
1701073450844,nan,nan
1701073450880,nan,nan
1701073450915,nan,nan
1701073450953,nan,nan
1701073450988,nan,nan
1701073451023,nan,nan
1701073451059,nan,nan
1701073451093,nan,nan
1701073451128,nan,nan
1701073451163,nan,nan
1701073451198,nan,nan
1701073451233,nan,nan
1701073451268,nan,nan
1701073451303,nan,nan
1701073451338,nan,nan
1701073451373,nan,nan
1701073451408,nan,nan
1701073451446,nan,nan
1701073451481,nan,nan
1701073451516,nan,nan
1701073451552,nan,nan
1701073451587,nan,nan
1701073451620,nan,nan
1701073451654,nan,nan
1701073451688,nan,nan
1701073451721,nan,nan
1701073451754,nan,nan
1701073451788,nan,nan
1701073451822,nan,nan
1701073451856,nan,nan
1701073451893,nan,nan
1701073451928,nan,nan
1701073451963,nan,nan
1701073451998,nan,nan
1701073452033,nan,nan
1701073452067,nan,nan
1701073452105,nan,nan
1701073452140,nan,nan
1701073452177,nan,nan
1701073452215,nan,nan
1701073452251,nan,nan
1701073452286,nan,nan
1701073452323,nan,nan
1701073452359,nan,nan
1701073452397,nan,nan
1701073452433,nan,nan
1701073452469,nan,nan
1701073452506,nan,nan
1701073452543,nan,nan
1701073452580,nan,nan
1701073452618,nan,nan
1701073452655,nan,nan
1701073452694,nan,nan
1701073452732,nan,nan
1701073452773,nan,nan
1701073452812,nan,nan
1701073452849,nan,nan
1701073452887,nan,nan
1701073452924,nan,nan
1701073452960,nan,nan
1701073452992,nan,nan
1701073453024,nan,nan
1701073453060,nan,nan
1701073453096,nan,nan
1701073453134,nan,nan
1701073453174,nan,nan
1701073453216,nan,nan
1701073453256,0.3204053342342376,0.010577380657196045
1701073453301,nan,nan
1701073453341,nan,nan
1701073453382,nan,nan
1701073453423,nan,nan
1701073453464,nan,nan
1701073453506,nan,nan
1701073453548,nan,nan
1701073453594,nan,nan
1701073453638,nan,nan
1701073453681,0.4825040698051452,0.006552398204803578
1701073453727,nan,nan
1701073453770,0.6419926881790161,0.07116860151290882
1701073453810,0.601693332195282,0.07137107849121083
1701073453851,nan,nan
1701073453891,nan,nan
1701073453929,0.4616053104400635,0.003087460994720348
1701073453971,0.2928173840045929,0.11673104763031006
1701073454009,0.1345580369234085,0.168256938457489
1701073454048,nan,nan
1701073454085,0.2149228006601333,0.3592381477355957
1701073454124,0.0358832329511642,0.11171412467956543
1701073454160,0.2993990182876587,0.4796743392944336
1701073454201,nan,nan
1701073454239,nan,nan
1701073454273,nan,nan
1701073454301,nan,nan
1701073454332,nan,nan
1701073454364,nan,nan
1701073454400,nan,nan
1701073454432,nan,nan
1701073454468,nan,nan
1701073454500,nan,nan
1701073454532,nan,nan
1701073454568,nan,nan
1701073454601,nan,nan
1701073454636,nan,nan
1701073454673,nan,nan
1701073454708,nan,nan
1701073454742,nan,nan
1701073454779,nan,nan
1701073454814,nan,nan
1701073454847,nan,nan
1701073454881,nan,nan
1701073454914,nan,nan
1701073454947,nan,nan
1701073454980,nan,nan
1701073455015,nan,nan
1701073455048,nan,nan
1701073455081,nan,nan
1701073455115,nan,nan
1701073455150,nan,nan
1701073455186,nan,nan
1701073455222,nan,nan
1701073455256,nan,nan
1701073455290,nan,nan
1701073455324,nan,nan
1701073455357,nan,nan
1701073455392,nan,nan
1701073455427,nan,nan
1701073455464,nan,nan
1701073455501,nan,nan
1701073455536,nan,nan
1701073455573,nan,nan
1701073455604,nan,nan
1701073455640,nan,nan
1701073455672,nan,nan
1701073455708,nan,nan
1701073455740,nan,nan
1701073455772,nan,nan
1701073455808,nan,nan
1701073455840,nan,nan
1701073455872,nan,nan
1701073455908,0.2356941103935241,0.5915882885456085
1701073455943,0.350642591714859,0.49066007137298584
1701073455979,0.4372531473636627,0.41453373432159424
1701073456014,0.482094943523407,0.3483361601829529
1701073456049,0.4792327582836151,0.3072778582572937
1701073456085,0.4764697849750519,0.3235405683517456
1701073456121,0.498586505651474,0.2761896252632141
1701073456157,0.501817524433136,0.2719506621360779
1701073456194,0.5160753726959229,0.24403953552246094
1701073456230,0.5551723837852478,0.36517876386642456
1701073456263,nan,nan
1701073456291,nan,nan
1701073456318,nan,nan
1701073456344,nan,nan
1701073456376,nan,nan
1701073456412,nan,nan
1701073456444,nan,nan
1701073456476,nan,nan
1701073456512,nan,nan
1701073456545,nan,nan
1701073456578,nan,nan
1701073456612,nan,nan
1701073456648,nan,nan
1701073456686,nan,nan
1701073456727,nan,nan
1701073456761,nan,nan
1701073456796,nan,nan
1701073456832,nan,nan
1701073456867,nan,nan
1701073456901,nan,nan
1701073456936,nan,nan
1701073456971,nan,nan
1701073457007,nan,nan
1701073457042,nan,nan
1701073457076,nan,nan
1701073457112,nan,nan
1701073457148,nan,nan
1701073457183,nan,nan
1701073457219,nan,nan
1701073457253,nan,nan
1701073457288,nan,nan
1701073457323,nan,nan
1701073457358,nan,nan
1701073457392,nan,nan
1701073457426,nan,nan
1701073457460,nan,nan
1701073457493,nan,nan
1701073457528,nan,nan
1701073457563,nan,nan
1701073457597,nan,nan
1701073457632,nan,nan
1701073457666,nan,nan
1701073457701,nan,nan
1701073457735,nan,nan
1701073457769,nan,nan
1701073457803,nan,nan
1701073457837,nan,nan
1701073457870,nan,nan
1701073457903,nan,nan
1701073457937,nan,nan
1701073457972,nan,nan
1701073458007,nan,nan
1701073458041,nan,nan
1701073458075,nan,nan
1701073458108,nan,nan
1701073458141,nan,nan
1701073458175,nan,nan
1701073458210,nan,nan
1701073458245,nan,nan
1701073458281,nan,nan
1701073458316,nan,nan
1701073458351,nan,nan
1701073458386,nan,nan
1701073458421,nan,nan
1701073458457,nan,nan
1701073458491,nan,nan
1701073458527,nan,nan
1701073458564,nan,nan
1701073458599,nan,nan
1701073458633,nan,nan
1701073458669,nan,nan
1701073458703,nan,nan
1701073458738,nan,nan
1701073458773,nan,nan
1701073458805,nan,nan
1701073458839,nan,nan
1701073458869,nan,nan
1701073458899,nan,nan
1701073458925,nan,nan
1701073458957,nan,nan
1701073458992,nan,nan
1701073459024,nan,nan
1701073459056,nan,nan
1701073459092,nan,nan
1701073459124,nan,nan
1701073459156,0.4212357997894287,0.5686773955821991
1701073459192,0.4043314158916473,0.47867870330810547
1701073459227,0.4554078280925751,0.4580702781677246
1701073459262,0.4855166375637054,0.48975425958633423
1701073459297,0.443523108959198,0.3909466862678528
1701073459332,0.4359552562236786,0.35309290885925293
1701073459367,0.4198642075061798,0.3065981864929199
1701073459402,0.4223606586456299,0.3193471431732178
1701073459437,0.4121699929237366,0.30563294887542725
1701073459472,0.4115842878818512,0.30815309286117554
1701073459506,0.412639170885086,0.284457802772522
1701073459540,0.40488001704216,0.29114288091659546
1701073459577,0.4036422073841095,0.3143894672393799
1701073459613,0.3051563501358032,0.3740374445915222
1701073459648,nan,nan
1701073459682,nan,nan
1701073459718,nan,nan
1701073459752,nan,nan
1701073459787,nan,nan
1701073459822,nan,nan
1701073459858,nan,nan
1701073459895,0.1601430028676986,0.9496993720531464
1701073459928,nan,nan
1701073459958,nan,nan
1701073459986,nan,nan
1701073460011,nan,nan
1701073460037,nan,nan
1701073460064,nan,nan
1701073460096,nan,nan
1701073460128,nan,nan
1701073460164,nan,nan
1701073460199,nan,nan
1701073460232,nan,nan
1701073460267,nan,nan
1701073460302,nan,nan
1701073460337,nan,nan
1701073460373,nan,nan
1701073460408,nan,nan
1701073460443,nan,nan
1701073460476,nan,nan
1701073460510,nan,nan
1701073460547,nan,nan
1701073460582,nan,nan
1701073460620,nan,nan
1701073460658,nan,nan
1701073460694,nan,nan
1701073460722,nan,nan
1701073460749,nan,nan
1701073460774,nan,nan
1701073460800,nan,nan
1701073460832,nan,nan
1701073460868,nan,nan
1701073460900,nan,nan
1701073460932,nan,nan
1701073460968,nan,nan
1701073461005,0.0671595260500907,0.6475115120410919
1701073461042,0.1140595078468322,0.6357258558273315
1701073461080,0.2748273611068725,0.5956777036190033
1701073461117,0.441403180360794,0.4196840524673462
1701073461153,0.552459180355072,0.3458690047264099
1701073461191,0.5700926184654236,0.34657150506973267
1701073461229,0.5561438202857971,0.34437185525894165
1701073461266,0.5646951198577881,0.3441055417060852
1701073461302,0.650551974773407,0.3519165515899658
1701073461339,0.6988219618797302,0.2970532774925232
1701073461375,0.7441719174385071,0.23465365171432495
1701073461411,0.7449417114257812,0.2351709008216858
1701073461448,0.7494734525680542,0.25711655616760254
1701073461484,0.7314981818199158,0.2551925778388977
1701073461521,0.7245856523513794,0.24479520320892334
1701073461558,0.7372725605964661,0.20605653524398804
1701073461593,0.755593478679657,0.16915923357009888
1701073461630,0.7596580386161804,0.17070531845092773
1701073461666,0.7128350138664246,0.09826672077178955
1701073461701,0.7138044238090515,0.12231916189193726
1701073461738,0.7112988233566284,0.10937047004699707
1701073461773,0.7163695693016052,0.11322683095932007
1701073461809,0.7114531993865967,0.13337349891662598
1701073461844,0.705380380153656,0.15906578302383423
1701073461880,0.6947816610336304,0.1506100296974182
1701073461915,0.6953179240226746,0.13638091087341309
1701073461951,nan,nan
1701073461983,nan,nan
1701073462011,nan,nan
1701073462044,nan,nan
1701073462072,nan,nan
1701073462108,nan,nan
1701073462140,nan,nan
1701073462172,nan,nan
1701073462208,nan,nan
1701073462242,nan,nan
1701073462278,nan,nan
1701073462313,nan,nan
1701073462349,nan,nan
1701073462387,nan,nan
1701073462422,nan,nan
1701073462461,nan,nan
1701073462497,nan,nan
1701073462533,nan,nan
1701073462572,nan,nan
1701073462610,nan,nan
1701073462647,nan,nan
1701073462684,nan,nan
1701073462722,nan,nan
1701073462758,nan,nan
1701073462794,nan,nan
1701073462832,nan,nan
1701073462868,nan,nan
1701073462906,nan,nan
1701073462943,nan,nan
1701073462981,nan,nan
1701073463018,nan,nan
1701073463056,nan,nan
1701073463094,nan,nan
1701073463131,nan,nan
1701073463168,nan,nan
1701073463205,nan,nan
1701073463242,nan,nan
1701073463279,nan,nan
1701073463316,nan,nan
1701073463351,nan,nan
1701073463390,nan,nan
1701073463433,nan,nan
1701073463474,nan,nan
1701073463512,nan,nan
1701073463550,nan,nan
1701073463590,nan,nan
1701073463625,nan,nan
1701073463663,0.2123565524816513,0.9526397325098515
1701073463701,0.3011043965816498,0.3008505702018738
1701073463741,0.3284328877925873,0.08029335737228405
1701073463781,0.3713710308074951,0.09516370296478283
1701073463820,0.3946191668510437,0.14179521799087524
1701073463861,0.3186439573764801,0.09773761034011841
1701073463900,0.3086864948272705,0.046095967292785645
1701073463943,nan,nan
1701073463982,0.328143447637558,0.03493326902389515
1701073464024,0.3262878358364105,0.029033541679382435
1701073464064,0.234625369310379,0.005790233612060436
1701073464101,nan,nan
1701073464142,0.2121628224849701,0.002981722354888805
1701073464181,nan,nan
1701073464220,nan,nan
1701073464260,nan,nan
1701073464298,nan,nan
1701073464337,nan,nan
1701073464377,nan,nan
1701073464416,nan,nan
1701073464454,nan,nan
1701073464494,nan,nan
1701073464533,nan,nan
1701073464572,nan,nan
1701073464611,nan,nan
1701073464649,nan,nan
1701073464686,nan,nan
1701073464724,nan,nan
1701073464764,nan,nan
1701073464803,nan,nan
1701073464843,nan,nan
1701073464882,nan,nan
1701073464921,0.47139772772789,0.9848028095439078
1701073464960,0.4261449873447418,0.18715190887451172
1701073464997,0.5464771389961243,0.2824400067329407
1701073465032,0.6033536791801453,0.3359616994857788
1701073465066,nan,nan
1701073465097,nan,nan
1701073465125,nan,nan
1701073465156,nan,nan
1701073465188,nan,nan
1701073465224,nan,nan
1701073465256,nan,nan
1701073465292,nan,nan
1701073465324,nan,nan
1701073465356,nan,nan
1701073465392,nan,nan
1701073465424,nan,nan
1701073465456,nan,nan
1701073465492,nan,nan
1701073465524,nan,nan
1701073465560,nan,nan
1701073465592,nan,nan
1701073465624,nan,nan
1701073465660,nan,nan
1701073465692,nan,nan
1701073465724,nan,nan
1701073465760,nan,nan
1701073465792,nan,nan
1701073465828,nan,nan
1701073465860,nan,nan
1701073465893,nan,nan
1701073465928,nan,nan
1701073465961,nan,nan
1701073465996,nan,nan
1701073466028,nan,nan
1701073466060,nan,nan
1701073466096,nan,nan
1701073466128,nan,nan
1701073466160,nan,nan
1701073466196,nan,nan
1701073466231,nan,nan
1701073466265,nan,nan
1701073466299,nan,nan
1701073466332,nan,nan
1701073466365,nan,nan
1701073466398,nan,nan
1701073466433,nan,nan
1701073466467,nan,nan
1701073466500,nan,nan
1701073466534,nan,nan
1701073466570,nan,nan
1701073466604,nan,nan
1701073466637,nan,nan
1701073466670,nan,nan
1701073466701,nan,nan
1701073466733,nan,nan
1701073466764,nan,nan
1701073466800,nan,nan
1701073466834,nan,nan
1701073466868,nan,nan
1701073466900,nan,nan
1701073466932,nan,nan
1701073466965,nan,nan
1701073467000,nan,nan
1701073467032,nan,nan
1701073467068,nan,nan
1701073467101,nan,nan
1701073467132,nan,nan
1701073467168,nan,nan
1701073467200,nan,nan
1701073467232,nan,nan
1701073467268,nan,nan
1701073467300,nan,nan
1701073467336,nan,nan
1701073467369,nan,nan
1701073467405,nan,nan
1701073467442,nan,nan
1701073467477,0.321177989244461,0.04693114757537842
1701073467513,0.2087097018957138,0.05467659235000599
1701073467549,nan,nan
1701073467586,0.0714048519730568,0.011960446834564209
1701073467620,0.207500159740448,0.0865100622177124
1701073467655,0.22405906021595,0.04866921901702881
1701073467688,0.2181275486946106,0.08331871032714844
1701073467722,0.2062209993600845,0.10343456268310547
1701073467756,0.2015098631381988,0.10546517372131348
1701073467790,0.2007226049900055,0.01766180992126465
1701073467827,nan,nan
1701073467864,nan,nan
1701073467897,nan,nan
1701073467927,nan,nan
1701073467956,nan,nan
1701073467983,nan,nan
1701073468011,nan,nan
1701073468040,nan,nan
1701073468073,nan,nan
1701073468106,nan,nan
1701073468143,nan,nan
1701073468181,nan,nan
1701073468221,nan,nan
1701073468258,nan,nan
1701073468294,nan,nan
1701073468331,nan,nan
1701073468368,nan,nan
1701073468404,nan,nan
1701073468441,nan,nan
1701073468476,nan,nan
1701073468513,nan,nan
1701073468550,nan,nan
1701073468586,nan,nan
1701073468623,nan,nan
1701073468659,nan,nan
1701073468694,nan,nan
1701073468732,nan,nan
1701073468768,nan,nan
1701073468802,nan,nan
1701073468836,nan,nan
1701073468873,nan,nan
1701073468909,nan,nan
1701073468945,nan,nan
1701073468982,nan,nan
1701073469019,nan,nan
1701073469056,nan,nan
1701073469093,nan,nan
1701073469129,nan,nan
1701073469166,nan,nan
1701073469205,nan,nan
1701073469243,nan,nan
1701073469281,nan,nan
1701073469318,nan,nan
1701073469355,nan,nan
1701073469393,nan,nan
1701073469429,nan,nan
1701073469467,nan,nan
1701073469505,nan,nan
1701073469542,nan,nan
1701073469580,nan,nan
1701073469618,nan,nan
1701073469655,nan,nan
1701073469691,nan,nan
1701073469729,nan,nan
1701073469765,nan,nan
1701073469801,nan,nan
1701073469838,nan,nan
1701073469874,nan,nan
1701073469910,nan,nan
1701073469946,nan,nan
1701073469983,nan,nan
1701073470019,nan,nan
1701073470055,nan,nan
1701073470090,nan,nan
1701073470128,nan,nan
1701073470166,nan,nan
1701073470203,nan,nan
1701073470239,nan,nan
1701073470275,nan,nan
1701073470316,nan,nan
1701073470355,nan,nan
1701073470393,nan,nan
1701073470427,nan,nan
1701073470463,nan,nan
1701073470493,nan,nan
1701073470525,nan,nan
1701073470555,nan,nan
1701073470592,0.0716499760746955,0.1793554425239563
1701073470631,0.1958662867546081,0.257287859916687
1701073470669,0.2569732964038849,0.2744998335838318
1701073470708,0.2926397323608398,0.3085629343986511
1701073470749,0.2383891940116882,0.2715083360671997
1701073470789,0.2085162252187729,0.2671316862106323
1701073470831,0.2255251258611679,0.2662593722343445
1701073470872,0.0117601742967963,0.006646156311035156
1701073470914,0.0838539376854896,0.05971014499664318
1701073470955,0.2207618802785873,0.1844877004623413
1701073470998,0.2213502526283264,0.2284318208694458
1701073471039,0.1452602595090866,0.15113550424575806
1701073471079,0.0675524026155471,0.029331862926483154
1701073471120,0.2314792424440384,0.1784583330154419
1701073471161,0.0900599062442779,0.06660234928131104
1701073471204,0.0417246147990226,0.035308837890625
1701073471245,0.1440017521381378,0.11351513862609863
1701073471284,0.2430900484323501,0.14935636520385742
1701073471325,0.254858911037445,0.1552361249923706
1701073471366,0.0980559363961219,0.05272996425628662
1701073471406,0.079447254538536,0.066453456878662
1701073471446,0.0428819991648197,0.016958773136138805
1701073471487,0.2279943525791168,0.1137998104095459
1701073471528,0.0641830489039421,0.018430650234222412
1701073471569,0.2052178084850311,0.15177887678146362
1701073471609,0.116483487188816,0.16646736860275269
1701073471650,0.1252492368221283,0.13963282108306885
1701073471689,0.4192845821380615,0.2982181906700134
1701073471729,0.5834665894508362,0.3656656742095947
1701073471771,0.6972489953041077,0.3841118812561035
1701073471811,0.7094515562057495,0.4799997806549072
1701073471851,0.7032945156097412,0.5257419943809509
1701073471891,0.6677711009979248,0.48656123876571655
1701073471931,0.6756662130355835,0.48390132188796997
1701073471971,0.6673629283905029,0.4534965753555298
1701073472014,0.5825942158699036,0.21583443880081177
1701073472052,0.5144692063331604,0.08181452751159679
1701073472093,0.4817554354667663,0.09089040756225597
1701073472131,0.4765597283840179,0.19623404741287231
1701073472171,0.4505422413349151,0.1436598300933838
1701073472212,0.5104365944862366,0.23635154962539673
1701073472251,0.4447778463363647,0.22735261917114258
1701073472291,0.4441377520561218,0.2766178846359253
1701073472330,0.4435212612152099,0.3046552538871765
1701073472372,0.4340791702270508,0.31408530473709106
1701073472413,0.4497696757316589,0.318007230758667
1701073472453,0.0864912271499633,0.0547962784767152
1701073472492,nan,nan
1701073472531,nan,nan
1701073472572,nan,nan
1701073472612,0.0764622092247009,0.15113770961761475
1701073472653,nan,nan
1701073472693,nan,nan
1701073472735,nan,nan
1701073472775,nan,nan
1701073472813,nan,nan
1701073472852,0.009720791131258,0.2938287854194641
1701073472893,0.1195915266871452,0.15013843774795532
1701073472933,0.3208012580871582,0.23751568794250488
1701073472972,0.3386400043964386,0.27827930450439453
1701073473012,0.2684014141559601,0.1595786213874817
1701073473062,0.3144977390766144,0.23216760158538818
1701073473103,0.3319746255874634,0.24486255645751953
1701073473144,0.4094098210334778,0.11726444959640503
1701073473185,0.4728780090808868,0.09939610958099365
1701073473224,0.4677923321723938,0.1438848376274109
1701073473264,0.4136269986629486,0.03241330385208119
1701073473305,nan,nan
1701073473336,nan,nan
1701073473369,nan,nan
1701073473400,nan,nan
1701073473433,nan,nan
1701073473468,nan,nan
1701073473500,nan,nan
1701073473532,nan,nan
1701073473568,nan,nan
1701073473600,nan,nan
1701073473636,nan,nan
1701073473668,nan,nan
1701073473700,nan,nan
1701073473736,nan,nan
1701073473769,nan,nan
1701073473802,nan,nan
1701073473836,nan,nan
1701073473869,nan,nan
1701073473904,nan,nan
1701073473936,nan,nan
1701073473968,nan,nan
1701073474004,nan,nan
1701073474036,nan,nan
1701073474072,nan,nan
1701073474104,nan,nan
1701073474137,nan,nan
1701073474172,nan,nan
1701073474204,nan,nan
1701073474236,nan,nan
1701073474272,nan,nan
1701073474304,nan,nan
1701073474340,nan,nan
1701073474373,nan,nan
1701073474406,nan,nan
1701073474440,nan,nan
1701073474472,nan,nan
1701073474504,nan,nan
1701073474540,nan,nan
1701073474573,nan,nan
1701073474608,nan,nan
1701073474640,nan,nan
1701073474672,nan,nan
1701073474708,nan,nan
1701073474740,nan,nan
1701073474772,nan,nan
1701073474808,nan,nan
1701073474840,nan,nan
1701073474876,nan,nan
1701073474908,nan,nan
1701073474940,nan,nan
1701073474976,nan,nan
1701073475008,nan,nan
1701073475040,nan,nan
1701073475076,nan,nan
1701073475108,nan,nan
1701073475144,0.1061345711350441,0.6272197365760803
1701073475180,0.1933506578207016,0.6441514790058136
1701073475215,0.2202195227146148,0.6218459904193878
1701073475251,0.161433607339859,0.547203779220581
1701073475287,0.1576345860958099,0.5350123643875122
1701073475323,0.1611891239881515,0.5150325298309326
1701073475360,0.1678410023450851,0.514008104801178
1701073475394,0.1720999181270599,0.5293979048728943
1701073475428,0.1677526235580444,0.5055122673511505
1701073475465,0.0234453361481428,0.43834632635116577
1701073475499,nan,nan
1701073475534,nan,nan
1701073475564,nan,nan
1701073475592,nan,nan
1701073475619,nan,nan
1701073475648,nan,nan
1701073475680,nan,nan
1701073475712,nan,nan
1701073475746,nan,nan
1701073475781,nan,nan
1701073475817,nan,nan
1701073475854,nan,nan
1701073475889,nan,nan
1701073475928,nan,nan
1701073475966,nan,nan
1701073476002,nan,nan
1701073476039,nan,nan
1701073476075,nan,nan
1701073476111,nan,nan
1701073476148,nan,nan
1701073476184,nan,nan
1701073476223,nan,nan
1701073476260,nan,nan
1701073476297,nan,nan
1701073476334,nan,nan
1701073476369,nan,nan
1701073476407,nan,nan
1701073476444,nan,nan
1701073476483,nan,nan
1701073476519,nan,nan
1701073476558,nan,nan
1701073476593,nan,nan
1701073476629,nan,nan
1701073476667,nan,nan
1701073476706,nan,nan
1701073476744,nan,nan
1701073476783,nan,nan
1701073476819,nan,nan
1701073476857,nan,nan
1701073476892,nan,nan
1701073476928,nan,nan
1701073476965,nan,nan
1701073477002,nan,nan
1701073477039,nan,nan
1701073477085,nan,nan
1701073477122,nan,nan
1701073477156,nan,nan
1701073477192,nan,nan
1701073477227,nan,nan
1701073477267,nan,nan
1701073477301,nan,nan
1701073477335,nan,nan
1701073477371,nan,nan
1701073477403,nan,nan
1701073477436,nan,nan
1701073477467,nan,nan
1701073477500,nan,nan
1701073477535,nan,nan
1701073477571,0.0514255613088607,0.281883180141449
1701073477609,0.3073152899742126,0.3996966481208801
1701073477649,0.2590638101100921,0.3199705481529236
1701073477689,0.2703785598278045,0.2780054807662964
1701073477728,0.2945160269737243,0.21822553873062134
1701073477769,0.306228369474411,0.18389755487442017
1701073477808,0.3134523332118988,0.14567875862121582
1701073477849,0.2946372628211975,0.11830121278762817
1701073477888,0.3040956258773803,0.10928010940551758
1701073477929,0.3150789737701416,0.06943303346633922
1701073477968,0.3199397027492523,0.0424293875694276
1701073478008,0.3180616796016693,0.053493618965148815
1701073478047,0.3008728623390198,0.0787143111228944
1701073478088,0.2965522408485412,0.08228808641433716
1701073478127,0.3133289515972137,0.07683521509170521
1701073478167,0.3202544748783111,0.0946076512336732
1701073478206,nan,nan
1701073478245,0.2602789103984833,0.05407768487930298
1701073478285,0.2834342718124389,0.06140291690826416
1701073478324,0.3122187852859497,0.060537517070770375
1701073478362,0.2929978966712951,0.0968921184539796
1701073478399,0.3077034056186676,0.041774392127990834
1701073478437,0.3300196528434753,0.06377708911895763
1701073478475,0.3622704446315765,0.06322818994522095
1701073478512,0.3902274072170257,0.07845366001129161
1701073478550,0.4086643159389496,0.07548993825912476
1701073478588,0.4357636272907257,0.09558320045471203
1701073478625,0.4425004720687866,0.11898362636566162
1701073478663,0.0596573427319526,0.36176806688308716
1701073478701,nan,nan
1701073478739,nan,nan
1701073478777,nan,nan
1701073478815,nan,nan
1701073478851,nan,nan
1701073478891,nan,nan
1701073478928,nan,nan
1701073478967,nan,nan
1701073479004,0.1425629258155822,0.6291412115097046
1701073479040,nan,nan
1701073479075,nan,nan
1701073479107,nan,nan
1701073479142,nan,nan
1701073479178,nan,nan
1701073479223,nan,nan
1701073479261,nan,nan
1701073479301,nan,nan
1701073479339,nan,nan
1701073479379,nan,nan
1701073479416,nan,nan
1701073479453,nan,nan
1701073479492,nan,nan
1701073479532,nan,nan
1701073479570,nan,nan
1701073479607,nan,nan
1701073479645,nan,nan
1701073479684,nan,nan
1701073479723,nan,nan
1701073479762,nan,nan
1701073479803,nan,nan
1701073479838,nan,nan
1701073479874,nan,nan
1701073479904,nan,nan
1701073479936,nan,nan
1701073479969,nan,nan
1701073480004,nan,nan
1701073480040,nan,nan
1701073480075,nan,nan
1701073480112,nan,nan
1701073480148,nan,nan
1701073480185,nan,nan
1701073480224,nan,nan
1701073480262,nan,nan
1701073480300,nan,nan
1701073480337,nan,nan
1701073480373,nan,nan
1701073480409,nan,nan
1701073480445,nan,nan
1701073480481,nan,nan
1701073480517,nan,nan
1701073480554,nan,nan
1701073480590,nan,nan
1701073480625,nan,nan
1701073480663,nan,nan
1701073480699,nan,nan
1701073480736,nan,nan
1701073480773,nan,nan
1701073480808,nan,nan
1701073480843,nan,nan
1701073480878,0.0008090551709756,0.9516863264143467
1701073480911,nan,nan
1701073480940,nan,nan
1701073480972,nan,nan
1701073481008,nan,nan
1701073481041,nan,nan
1701073481072,nan,nan
1701073481108,nan,nan
1701073481141,nan,nan
1701073481179,nan,nan
1701073481216,nan,nan
1701073481254,nan,nan
1701073481294,nan,nan
1701073481332,nan,nan
1701073481370,nan,nan
1701073481404,nan,nan
1701073481435,nan,nan
1701073481468,nan,nan
1701073481503,nan,nan
1701073481534,nan,nan
1701073481566,nan,nan
1701073481599,nan,nan
1701073481632,nan,nan
1701073481666,0.2313327640295028,0.40432530641555786
1701073481705,0.2755545079708099,0.45333707332611084
1701073481742,0.3221768736839294,0.4932660460472107
1701073481779,0.2539960741996765,0.4241291880607605
1701073481817,0.2348427921533584,0.3132548928260803
1701073481856,0.2350079268217086,0.32542842626571655
1701073481894,0.250688761472702,0.3110731840133667
1701073481932,0.2425194978713989,0.3449121117591858
1701073481971,0.2351709902286529,0.2841230034828186
1701073482009,0.2401289939880371,0.2616329789161682
1701073482047,0.2495968043804168,0.25367987155914307
1701073482087,0.2587736248970032,0.27218037843704224
1701073482125,0.2510582506656647,0.2475317120552063
1701073482164,0.2346807569265365,0.22107356786727905
1701073482205,0.2007725983858108,0.24167734384536743
1701073482245,0.1989561170339584,0.24667006731033325
1701073482283,0.210479125380516,0.2931750416755676
1701073482324,0.1969413757324218,0.25987935066223145
1701073482363,0.2080429643392563,0.2668460011482239
1701073482403,0.2062437534332275,0.2927631735801697
1701073482443,0.1912596821784973,0.3174888491630554
1701073482482,0.2153651714324951,0.3198345899581909
1701073482519,0.3135492205619812,0.22676098346710205
1701073482554,0.3357342183589935,0.26286882162094116
1701073482590,nan,nan
1701073482623,nan,nan
1701073482655,nan,nan
1701073482686,nan,nan
1701073482719,nan,nan
1701073482748,nan,nan
1701073482784,nan,nan
1701073482816,nan,nan
1701073482849,nan,nan
1701073482884,nan,nan
1701073482921,nan,nan
1701073482958,nan,nan
1701073482998,nan,nan
1701073483033,nan,nan
1701073483070,nan,nan
1701073483107,nan,nan
1701073483145,nan,nan
1701073483182,nan,nan
1701073483221,nan,nan
1701073483258,nan,nan
1701073483296,nan,nan
1701073483336,nan,nan
1701073483375,nan,nan
1701073483413,nan,nan
1701073483452,nan,nan
1701073483489,nan,nan
1701073483526,nan,nan
1701073483564,nan,nan
1701073483602,nan,nan
1701073483654,nan,nan
1701073483693,nan,nan
1701073483727,nan,nan
1701073483764,nan,nan
1701073483798,nan,nan
1701073483830,nan,nan
1701073483859,nan,nan
1701073483889,nan,nan
1701073483924,nan,nan
1701073483956,nan,nan
1701073483988,nan,nan
1701073484024,nan,nan
1701073484056,nan,nan
1701073484088,nan,nan
1701073484124,0.1550068110227584,0.2316577434539795
1701073484158,0.2526733875274658,0.3198344111442566
1701073484193,0.319100946187973,0.35041165351867676
1701073484227,0.3049032688140869,0.45860081911087036
1701073484261,0.3043915629386902,0.46893924474716187
1701073484296,0.3278304636478424,0.5466285049915314
1701073484331,0.3276550471782684,0.5506998300552368
1701073484366,0.3255825042724609,0.5462727546691895
1701073484402,0.3229019939899444,0.5265956521034241
1701073484435,0.31049644947052,0.49294424057006836
1701073484470,0.2982719540596008,0.47372978925704956
1701073484505,0.2420368641614914,0.41894203424453735
1701073484539,0.2224998474121093,0.4054797887802124
1701073484574,0.2067382931709289,0.34710484743118286
1701073484608,0.1934229284524917,0.37269484996795654
1701073484644,0.1888609528541565,0.3622351884841919
1701073484678,0.1854196339845657,0.3600981831550598
1701073484714,0.0088882679119706,0.2649473547935486
1701073484748,nan,nan
1701073484779,nan,nan
1701073484806,nan,nan
1701073484833,nan,nan
1701073484860,nan,nan
1701073484892,nan,nan
1701073484928,nan,nan
1701073484960,nan,nan
1701073484996,nan,nan
1701073485029,nan,nan
1701073485063,nan,nan
1701073485098,nan,nan
1701073485136,nan,nan
1701073485173,nan,nan
1701073485211,nan,nan
1701073485249,nan,nan
1701073485286,nan,nan
1701073485323,nan,nan
1701073485359,nan,nan
1701073485396,nan,nan
1701073485435,nan,nan
1701073485472,nan,nan
1701073485510,nan,nan
1701073485548,nan,nan
1701073485585,nan,nan
1701073485622,nan,nan
1701073485661,nan,nan
1701073485699,nan,nan
1701073485737,nan,nan
1701073485774,nan,nan
1701073485810,nan,nan
1701073485846,nan,nan
1701073485884,nan,nan
1701073485921,nan,nan
1701073485957,nan,nan
1701073485994,nan,nan
1701073486030,nan,nan
1701073486068,nan,nan
1701073486104,nan,nan
1701073486140,nan,nan
1701073486175,nan,nan
1701073486213,nan,nan
1701073486249,nan,nan
1701073486285,nan,nan
1701073486321,nan,nan
1701073486360,nan,nan
1701073486399,nan,nan
1701073486438,nan,nan
1701073486475,nan,nan
1701073486507,nan,nan
1701073486538,nan,nan
1701073486570,nan,nan
1701073486604,nan,nan
1701073486636,nan,nan
1701073486668,nan,nan
1701073486704,nan,nan
1701073486745,0.0059781707823276,0.01303774118423462
1701073486784,0.1246058344841003,0.04557633399963379
1701073486823,0.1984065175056457,0.005255222320556641
1701073486862,nan,nan
1701073486902,nan,nan
1701073486941,nan,nan
1701073486980,nan,nan
1701073487018,nan,nan
1701073487056,0.3813049495220184,0.00022476911544799805
1701073487092,nan,nan
1701073487129,0.4078077375888824,0.005284786224365234
1701073487166,0.3908420503139496,0.038826823234557994
1701073487205,0.3832875490188598,0.019743800163269043
1701073487241,nan,nan
1701073487279,nan,nan
1701073487315,0.4158614575862884,0.005730628967285156
1701073487352,0.3826943933963775,0.03694266080856323
1701073487389,0.3644573390483856,0.05764681100845337
1701073487427,0.3789917230606079,0.009942412376403809
1701073487463,0.2773895859718323,0.07944971323013317
1701073487501,nan,nan
1701073487537,nan,nan
1701073487572,nan,nan
1701073487607,nan,nan
1701073487643,nan,nan
1701073487679,nan,nan
1701073487717,nan,nan
1701073487754,0.0083311032503843,0.36857014894485474
1701073487792,0.0349772907793521,0.3089621067047119
1701073487831,0.0587274208664894,0.2448669672012329
1701073487873,0.0935718640685081,0.27434033155441284
1701073487908,nan,nan
1701073487939,nan,nan
1701073487968,nan,nan
1701073487997,nan,nan
1701073488029,nan,nan
1701073488062,nan,nan
1701073488097,nan,nan
1701073488134,nan,nan
1701073488170,nan,nan
1701073488210,nan,nan
1701073488250,nan,nan
1701073488287,nan,nan
1701073488323,nan,nan
1701073488361,nan,nan
1701073488399,nan,nan
1701073488436,nan,nan
1701073488472,nan,nan
1701073488512,nan,nan
1701073488551,nan,nan
1701073488589,nan,nan
1701073488626,nan,nan
1701073488662,nan,nan
1701073488699,nan,nan
1701073488735,nan,nan
1701073488773,nan,nan
1701073488815,nan,nan
1701073488854,nan,nan
1701073488892,nan,nan
1701073488931,nan,nan
1701073488971,nan,nan
1701073489011,nan,nan
1701073489051,nan,nan
1701073489091,nan,nan
1701073489132,nan,nan
1701073489173,nan,nan
1701073489212,nan,nan
1701073489253,nan,nan
1701073489292,nan,nan
1701073489331,nan,nan
1701073489369,nan,nan
1701073489408,nan,nan
1701073489448,nan,nan
1701073489488,nan,nan
1701073489526,nan,nan
1701073489566,nan,nan
1701073489605,nan,nan
1701073489644,nan,nan
1701073489683,nan,nan
1701073489721,nan,nan
1701073489761,nan,nan
1701073489799,nan,nan
1701073489838,nan,nan
1701073489878,nan,nan
1701073489917,nan,nan
1701073489956,nan,nan
1701073489997,nan,nan
1701073490037,nan,nan
1701073490077,nan,nan
1701073490115,nan,nan
1701073490153,nan,nan
1701073490191,nan,nan
1701073490230,nan,nan
1701073490268,nan,nan
1701073490308,nan,nan
1701073490348,nan,nan
1701073490387,nan,nan
1701073490424,nan,nan
1701073490461,nan,nan
1701073490498,nan,nan
1701073490537,nan,nan
1701073490577,nan,nan
1701073490615,nan,nan
1701073490655,nan,nan
1701073490689,nan,nan
1701073490719,nan,nan
1701073490748,nan,nan
1701073490777,nan,nan
1701073490805,nan,nan
1701073490844,nan,nan
1701073490872,nan,nan
1701073490900,nan,nan
1701073490930,nan,nan
1701073490960,nan,nan
1701073490993,nan,nan
1701073491028,0.048435628414154,0.07469058036804199
1701073491064,0.1199188753962516,0.06827282905578602
1701073491101,0.1690273433923721,0.13790684938430786
1701073491137,nan,nan
1701073491173,nan,nan
1701073491216,nan,nan
1701073491254,nan,nan
1701073491291,0.0039061869028955,0.22181230783462524
1701073491329,nan,nan
1701073491364,0.011709526181221,0.2294173240661621
1701073491402,0.0304943583905696,0.2079642415046692
1701073491439,0.0488067865371704,0.15395420789718628
1701073491476,nan,nan
1701073491513,nan,nan
1701073491554,nan,nan
1701073491590,nan,nan
1701073491627,nan,nan
1701073491663,nan,nan
1701073491699,nan,nan
1701073491735,nan,nan
1701073491772,0.2915607988834381,0.040884077548980824
1701073491807,0.4492597877979278,0.00836026668548584
1701073491844,0.546545684337616,0.008993148803710826
1701073491880,0.5649363398551941,0.00039851665496837274
1701073491915,nan,nan
1701073491952,nan,nan
1701073491989,nan,nan
1701073492026,0.5231805443763733,0.12257647514343262
1701073492062,0.5489116311073303,0.13503897190093994
1701073492100,0.5446567535400391,0.1627306342124939
1701073492139,0.5278297662734985,0.17673081159591675
1701073492176,0.564872145652771,0.11165153980255127
1701073492214,0.5667423605918884,0.08426368236541759
1701073492252,0.4409845471382141,0.009734034538269043
1701073492287,nan,nan
1701073492323,nan,nan
1701073492359,nan,nan
1701073492395,nan,nan
1701073492433,nan,nan
1701073492470,nan,nan
1701073492505,nan,nan
1701073492541,nan,nan
1701073492577,nan,nan
1701073492612,nan,nan
1701073492646,nan,nan
1701073492678,nan,nan
1701073492711,nan,nan
1701073492744,nan,nan
1701073492777,nan,nan
1701073492812,nan,nan
1701073492847,nan,nan
1701073492887,nan,nan
1701073492927,nan,nan
1701073492965,nan,nan
1701073493004,nan,nan
1701073493044,nan,nan
1701073493085,nan,nan
1701073493123,nan,nan
1701073493163,nan,nan
1701073493203,nan,nan
1701073493242,nan,nan
1701073493279,nan,nan
1701073493320,nan,nan
1701073493361,nan,nan
1701073493400,nan,nan
1701073493436,nan,nan
1701073493466,nan,nan
1701073493497,nan,nan
1701073493528,nan,nan
1701073493559,nan,nan
1701073493592,0.1551910787820816,0.5856870710849762
1701073493627,0.2121104747056961,0.5825597047805786
1701073493662,0.2501734793186188,0.6478222608566284
1701073493698,0.2885990440845489,0.7518132328987122
1701073493735,0.3150686919689178,0.7802535444498062
1701073493771,0.3093364238739013,0.7538919001817704
1701073493806,0.3002162873744964,0.7311817705631256
1701073493841,0.302867442369461,0.7259895205497742
1701073493878,0.2843122184276581,0.7443365156650543
1701073493913,0.2884118556976318,0.7245447635650635
1701073493947,0.283748984336853,0.7159604430198669
1701073493982,0.2684826254844665,0.7001365125179291
1701073494015,0.2618397772312164,0.7106246650218964
1701073494050,0.2603080868721008,0.7240299880504608
1701073494084,0.2632887065410614,0.6936952769756317
1701073494118,0.2697232365608215,0.6737094521522522
1701073494152,0.2685105800628662,0.6309738159179688
1701073494188,0.2768546342849731,0.6212523281574249
1701073494223,0.2862167954444885,0.5812599360942841
1701073494258,0.2903018891811371,0.5474695265293121
1701073494293,0.2902160286903381,0.5137589275836945
1701073494329,0.2929471433162689,0.5114003419876099
1701073494366,0.2896991670131683,0.521815299987793
1701073494403,0.2897292971611023,0.5351864993572235
1701073494440,0.2911425232887268,0.5060827136039734
1701073494476,0.2968332469463348,0.49967122077941895
1701073494514,0.3049480319023132,0.460671603679657
1701073494551,0.2886599898338318,0.4439229369163513
1701073494588,0.1573361009359359,0.36691880226135254
1701073494624,0.3116124272346496,0.40265536308288574
1701073494662,0.3139480352401733,0.3447926640510559
1701073494699,0.3259311020374298,0.35166025161743164
1701073494736,0.3508816361427307,0.3393416404724121
1701073494772,0.3735862076282501,0.2900628447532654
1701073494808,0.3760145008563995,0.22547411918640137
1701073494845,0.3652257025241852,0.20991772413253784
1701073494882,0.3734574019908905,0.1991652250289917
1701073494918,0.392295777797699,0.16738319396972656
1701073494956,0.4154744446277618,0.1551215648651123
1701073494990,nan,nan
1701073495024,nan,nan
1701073495054,nan,nan
1701073495082,nan,nan
1701073495116,nan,nan
1701073495148,nan,nan
1701073495180,nan,nan
1701073495216,nan,nan
1701073495248,nan,nan
1701073495284,nan,nan
1701073495318,nan,nan
1701073495352,nan,nan
1701073495388,nan,nan
1701073495424,nan,nan
1701073495458,nan,nan
1701073495493,nan,nan
1701073495527,nan,nan
1701073495574,nan,nan
1701073495611,nan,nan
1701073495648,nan,nan
1701073495686,nan,nan
1701073495723,nan,nan
1701073495763,nan,nan
1701073495800,nan,nan
1701073495837,nan,nan
1701073495873,nan,nan
1701073495911,nan,nan
1701073495949,nan,nan
1701073495986,nan,nan
1701073496023,nan,nan
1701073496059,nan,nan
1701073496094,nan,nan
1701073496129,nan,nan
1701073496164,nan,nan
1701073496200,nan,nan
1701073496236,nan,nan
1701073496273,nan,nan
1701073496308,nan,nan
1701073496345,nan,nan
1701073496383,nan,nan
1701073496421,nan,nan
1701073496457,nan,nan
1701073496496,nan,nan
1701073496534,nan,nan
1701073496570,nan,nan
1701073496605,nan,nan
1701073496642,nan,nan
1701073496677,nan,nan
1701073496713,nan,nan
1701073496749,nan,nan
1701073496785,nan,nan
1701073496821,nan,nan
1701073496855,nan,nan
1701073496891,nan,nan
1701073496926,nan,nan
1701073496961,nan,nan
1701073496998,nan,nan
1701073497033,nan,nan
1701073497069,nan,nan
1701073497105,nan,nan
1701073497139,nan,nan
1701073497176,nan,nan
1701073497213,nan,nan
1701073497247,nan,nan
1701073497283,nan,nan
1701073497319,nan,nan
1701073497353,nan,nan
1701073497388,nan,nan
1701073497423,nan,nan
1701073497458,nan,nan
1701073497491,nan,nan
1701073497526,nan,nan
1701073497561,nan,nan
1701073497597,nan,nan
1701073497632,nan,nan
1701073497667,nan,nan
1701073497703,nan,nan
1701073497741,nan,nan
1701073497777,nan,nan
1701073497811,nan,nan
1701073497846,nan,nan
1701073497882,nan,nan
1701073497917,nan,nan
1701073497954,nan,nan
1701073497989,nan,nan
1701073498025,nan,nan
1701073498062,nan,nan
1701073498097,nan,nan
1701073498136,nan,nan
1701073498172,nan,nan
1701073498212,nan,nan
1701073498251,nan,nan
1701073498290,nan,nan
1701073498330,nan,nan
1701073498368,nan,nan
1701073498406,nan,nan
1701073498444,nan,nan
1701073498483,nan,nan
1701073498520,nan,nan
1701073498558,nan,nan
1701073498594,nan,nan
1701073498631,nan,nan
1701073498666,nan,nan
1701073498704,nan,nan
1701073498740,nan,nan
1701073498776,nan,nan
1701073498812,nan,nan
1701073498850,nan,nan
1701073498887,nan,nan
1701073498921,nan,nan
1701073498955,nan,nan
1701073498989,nan,nan
1701073499025,nan,nan
1701073499063,0.325933963060379,0.326107919216156
1701073499102,0.300607293844223,0.25943809747695923
1701073499140,0.3312064707279205,0.26745015382766724
1701073499178,0.3293142914772033,0.3066280484199524
1701073499217,0.2257516831159591,0.3787359595298767
1701073499256,0.2210398018360138,0.4405117630958557
1701073499296,0.1587439775466919,0.47768402099609375
1701073499333,0.1181110069155693,0.4008747339248657
1701073499372,0.2083125412464141,0.42949235439300537
1701073499411,0.21685391664505,0.42041265964508057
1701073499449,0.2194031327962875,0.4067268967628479
1701073499488,0.2199437916278839,0.41829508543014526
1701073499527,0.2094188332557678,0.3983162045478821
1701073499565,0.2206159234046936,0.44822025299072266
1701073499602,0.2412075996398925,0.4206697940826416
1701073499640,0.2489450722932815,0.3578377366065979
1701073499679,0.249452456831932,0.3736720085144043
1701073499717,0.0881315842270851,0.2160206437110901
1701073499752,nan,nan
1701073499790,nan,nan
1701073499829,nan,nan
1701073499866,nan,nan
1701073499904,nan,nan
1701073499944,nan,nan
1701073499982,nan,nan
1701073500021,nan,nan
1701073500059,0.0007077760528773,0.10166561603546143
1701073500096,0.6617034077644348,0.6248300969600677
1701073500133,nan,nan
1701073500169,nan,nan
1701073500206,nan,nan
1701073500240,nan,nan
1701073500276,nan,nan
1701073500312,nan,nan
1701073500346,nan,nan
1701073500381,nan,nan
1701073500418,nan,nan
1701073500454,nan,nan
1701073500489,nan,nan
1701073500523,nan,nan
1701073500559,nan,nan
1701073500594,nan,nan
1701073500631,nan,nan
1701073500668,nan,nan
1701073500705,nan,nan
1701073500740,nan,nan
1701073500776,nan,nan
1701073500811,nan,nan
1701073500850,nan,nan
1701073500886,nan,nan
1701073500924,nan,nan
1701073500961,nan,nan
1701073500998,nan,nan
1701073501033,nan,nan
1701073501071,nan,nan
1701073501109,nan,nan
1701073501147,nan,nan
1701073501186,nan,nan
1701073501224,nan,nan
1701073501260,nan,nan
1701073501299,nan,nan
1701073501336,nan,nan
1701073501374,nan,nan
1701073501412,nan,nan
1701073501457,nan,nan
1701073501495,nan,nan
1701073501531,nan,nan
1701073501570,nan,nan
1701073501608,nan,nan
1701073501645,nan,nan
1701073501681,nan,nan
1701073501718,nan,nan
1701073501754,nan,nan
1701073501790,nan,nan
1701073501826,nan,nan
1701073501862,nan,nan
1701073501898,nan,nan
1701073501935,nan,nan
1701073501970,nan,nan
1701073502006,nan,nan
1701073502044,nan,nan
1701073502081,nan,nan
1701073502118,nan,nan
1701073502157,nan,nan
1701073502196,nan,nan
1701073502234,nan,nan
1701073502271,nan,nan
1701073502309,nan,nan
1701073502345,nan,nan
1701073502384,nan,nan
1701073502424,nan,nan
1701073502463,nan,nan
1701073502501,nan,nan
1701073502539,nan,nan
1701073502575,nan,nan
1701073502614,nan,nan
1701073502651,nan,nan
1701073502689,nan,nan
1701073502727,nan,nan
1701073502764,nan,nan
1701073502801,nan,nan
1701073502835,nan,nan
1701073502871,nan,nan
1701073502908,nan,nan
1701073502944,nan,nan
1701073502978,nan,nan
1701073503007,nan,nan
1701073503036,nan,nan
1701073503066,nan,nan
1701073503095,nan,nan
1701073503124,nan,nan
1701073503156,nan,nan
1701073503192,nan,nan
1701073503224,nan,nan
1701073503256,nan,nan
1701073503292,nan,nan
1701073503327,0.0377904437482357,0.2565683126449585
1701073503364,nan,nan
1701073503401,nan,nan
1701073503440,nan,nan
1701073503481,nan,nan
1701073503519,nan,nan
1701073503554,0.0055137537419795,0.1278517246246338
1701073503593,0.0232192054390907,0.09592252969741821
1701073503629,0.0417115651071071,0.036265671253204346
1701073503665,0.0410951077938079,0.06954389810562123
1701073503702,0.0518305785953998,0.07278013229370117
1701073503738,0.0566990785300731,0.025759756565093994
1701073503774,nan,nan
1701073503812,nan,nan
1701073503850,nan,nan
1701073503887,nan,nan
1701073503924,nan,nan
1701073503961,nan,nan
1701073503997,0.3040741980075836,0.16965240240097046
1701073504033,0.4256618320941925,0.28043729066848755
1701073504070,0.5055201053619385,0.305935263633728
1701073504105,0.5004714727401733,0.30194568634033203
1701073504141,0.5184674859046936,0.3142607808113098
1701073504175,0.4540398120880127,0.44241589307785034
1701073504209,nan,nan
1701073504241,nan,nan
1701073504271,nan,nan
1701073504303,nan,nan
1701073504337,nan,nan
1701073504372,nan,nan
1701073504408,nan,nan
1701073504446,nan,nan
1701073504484,nan,nan
1701073504520,nan,nan
1701073504554,nan,nan
1701073504588,nan,nan
1701073504623,nan,nan
1701073504658,nan,nan
1701073504696,nan,nan
1701073504733,nan,nan
1701073504766,nan,nan
1701073504800,nan,nan
1701073504832,nan,nan
1701073504868,0.3846132159233093,0.6121535301208496
1701073504901,0.3857859373092651,0.4510458707809448
1701073504935,0.3757379353046417,0.35789424180984497
1701073504970,0.389225959777832,0.4313061237335205
1701073505004,0.4070313572883606,0.4796622395515442
1701073505038,0.386344313621521,0.4420201778411865
1701073505075,0.3936446905136108,0.41070401668548584
1701073505110,0.4246076941490173,0.37590694427490234
1701073505145,0.4375096261501312,0.3432566523551941
1701073505179,0.4341091513633728,0.31344085931777954
1701073505214,0.4291683733463287,0.2991783022880554
1701073505248,0.4401446878910064,0.2873595952987671
1701073505283,0.4332857728004455,0.2942003607749939
1701073505319,0.4166366159915924,0.31649482250213623
1701073505354,0.2886126935482025,0.1908060908317566
1701073505388,0.0066067744046449,0.03353011608123779
1701073505422,nan,nan
1701073505458,nan,nan
1701073505493,nan,nan
1701073505529,nan,nan
1701073505563,nan,nan
1701073505598,nan,nan
1701073505631,nan,nan
1701073505668,nan,nan
1701073505705,nan,nan
1701073505739,nan,nan
1701073505773,nan,nan
1701073505808,nan,nan
1701073505843,nan,nan
1701073505877,0.1613754630088806,0.34173256158828735
1701073505913,0.2722083330154419,0.3575460910797119
1701073505949,0.3658647239208221,0.404518187046051
1701073505983,0.3516006767749786,0.45512503385543823
1701073506018,0.3313041925430298,0.4741958975791931
1701073506052,0.3259039223194122,0.4465261697769165
1701073506089,0.3215446174144745,0.45072704553604126
1701073506123,0.3461785316467285,0.4858751893043518
1701073506157,0.3534696102142334,0.5213473737239838
1701073506190,0.3643636107444763,0.5490576028823853
1701073506221,0.1931545287370681,0.5116792023181915
1701073506251,nan,nan
1701073506276,nan,nan
1701073506308,nan,nan
1701073506340,nan,nan
1701073506376,nan,nan
1701073506408,nan,nan
1701073506440,nan,nan
1701073506476,nan,nan
1701073506508,nan,nan
1701073506540,nan,nan
1701073506576,nan,nan
1701073506613,nan,nan
1701073506649,nan,nan
1701073506684,nan,nan
1701073506722,nan,nan
1701073506760,nan,nan
1701073506797,nan,nan
1701073506833,nan,nan
1701073506871,nan,nan
1701073506907,nan,nan
1701073506943,nan,nan
1701073506978,nan,nan
1701073507014,nan,nan
1701073507051,nan,nan
1701073507088,nan,nan
1701073507126,nan,nan
1701073507164,nan,nan
1701073507202,nan,nan
1701073507240,nan,nan
1701073507277,nan,nan
1701073507313,nan,nan
1701073507351,nan,nan
1701073507390,nan,nan
1701073507428,nan,nan
1701073507467,nan,nan
1701073507504,nan,nan
1701073507541,nan,nan
1701073507579,nan,nan
1701073507617,nan,nan
1701073507655,nan,nan
1701073507695,nan,nan
1701073507732,nan,nan
1701073507769,nan,nan
1701073507806,nan,nan
1701073507844,nan,nan
1701073507881,nan,nan
1701073507955,nan,nan
1701073507995,nan,nan
1701073508032,nan,nan
1701073508068,nan,nan
1701073508103,nan,nan
1701073508138,nan,nan
1701073508173,nan,nan
1701073508210,nan,nan
1701073508244,nan,nan
1701073508278,nan,nan
1701073508311,nan,nan
1701073508344,nan,nan
1701073508376,nan,nan
1701073508407,nan,nan
1701073508439,nan,nan
1701073508470,nan,nan
1701073508502,nan,nan
1701073508533,nan,nan
1701073508562,nan,nan
1701073508593,nan,nan
1701073508622,nan,nan
1701073508653,nan,nan
1701073508691,nan,nan
1701073508727,nan,nan
1701073508765,nan,nan
1701073508804,nan,nan
1701073508841,nan,nan
1701073508879,nan,nan
1701073508916,nan,nan
1701073508952,nan,nan
1701073508990,nan,nan
1701073509028,nan,nan
1701073509065,nan,nan
1701073509100,nan,nan
1701073509136,nan,nan
1701073509173,nan,nan
1701073509209,nan,nan
1701073509245,nan,nan
1701073509280,nan,nan
1701073509319,0.1268852800130844,0.2037447690963745
1701073509354,0.358860582113266,0.3654831051826477
1701073509389,0.4629226922988891,0.39928197860717773
1701073509426,0.4616538286209106,0.4694259762763977
1701073509460,0.4510051608085632,0.4889534115791321
1701073509495,0.4439046084880829,0.4389786720275879
1701073509531,0.4442370235919952,0.4185801148414612
1701073509568,0.4527088701725006,0.4366235136985779
1701073509603,0.3485591113567352,0.48034846782684326
1701073509640,0.0692606046795845,0.5312643945217133
1701073509675,nan,nan
1701073509711,nan,nan
1701073509747,nan,nan
1701073509781,nan,nan
1701073509817,nan,nan
1701073509853,nan,nan
1701073509891,nan,nan
1701073509928,nan,nan
1701073509966,nan,nan
1701073510003,nan,nan
1701073510040,nan,nan
1701073510076,nan,nan
1701073510110,nan,nan
1701073510141,nan,nan
1701073510172,nan,nan
1701073510206,nan,nan
1701073510240,nan,nan
1701073510277,nan,nan
1701073510313,nan,nan
1701073510349,nan,nan
1701073510386,nan,nan
1701073510423,nan,nan
1701073510460,nan,nan
1701073510497,nan,nan
1701073510535,nan,nan
1701073510573,nan,nan
1701073510609,nan,nan
1701073510647,nan,nan
1701073510685,nan,nan
1701073510722,nan,nan
1701073510757,nan,nan
1701073510792,nan,nan
1701073510829,nan,nan
1701073510866,nan,nan
1701073510902,nan,nan
1701073510957,nan,nan
1701073510993,nan,nan
1701073511028,nan,nan
1701073511067,nan,nan
1701073511102,nan,nan
1701073511136,nan,nan
1701073511169,nan,nan
1701073511203,nan,nan
1701073511240,nan,nan
1701073511275,nan,nan
1701073511311,nan,nan
1701073511346,nan,nan
1701073511382,nan,nan
1701073511419,nan,nan
1701073511456,nan,nan
1701073511492,nan,nan
1701073511526,nan,nan
1701073511562,nan,nan
1701073511597,0.1303896754980087,0.5558589100837708
1701073511632,0.2858008742332458,0.4304448366165161
1701073511666,0.3953726589679718,0.26119667291641235
1701073511700,0.4168311655521393,0.2645261287689209
1701073511735,0.4208464324474334,0.2560705542564392
1701073511770,0.4197577834129333,0.2716749906539917
1701073511805,0.4190458655357361,0.2810515761375427
1701073511840,0.4205073714256286,0.28139811754226685
1701073511875,0.4041219651699066,0.3732982277870178
1701073511907,nan,nan
1701073511936,nan,nan
1701073511972,nan,nan
1701073512004,nan,nan
1701073512036,nan,nan
1701073512072,nan,nan
1701073512104,nan,nan
1701073512136,nan,nan
1701073512172,nan,nan
1701073512209,nan,nan
1701073512245,nan,nan
1701073512281,nan,nan
1701073512319,nan,nan
1701073512359,nan,nan
1701073512394,nan,nan
1701073512431,nan,nan
1701073512468,nan,nan
1701073512504,nan,nan
1701073512539,nan,nan
1701073512575,nan,nan
1701073512610,nan,nan
1701073512647,nan,nan
1701073512683,nan,nan
1701073512718,nan,nan
1701073512757,nan,nan
1701073512792,nan,nan
1701073512827,nan,nan
1701073512862,nan,nan
1701073512896,nan,nan
1701073512933,nan,nan
1701073512969,nan,nan
1701073513006,nan,nan
1701073513042,nan,nan
1701073513078,nan,nan
1701073513114,nan,nan
1701073513151,nan,nan
1701073513187,nan,nan
1701073513225,nan,nan
1701073513263,nan,nan
1701073513299,nan,nan
1701073513336,nan,nan
1701073513386,nan,nan
1701073513424,nan,nan
1701073513462,nan,nan
1701073513499,nan,nan
1701073513537,nan,nan
1701073513573,nan,nan
1701073513610,nan,nan
1701073513648,nan,nan
1701073513687,nan,nan
1701073513722,nan,nan
1701073513759,nan,nan
1701073513797,nan,nan
1701073513834,nan,nan
1701073513872,nan,nan
1701073513909,nan,nan
1701073513945,nan,nan
1701073513983,nan,nan
1701073514019,nan,nan
1701073514053,nan,nan
1701073514088,nan,nan
1701073514117,nan,nan
1701073514150,nan,nan
1701073514184,nan,nan
1701073514216,nan,nan
1701073514248,nan,nan
1701073514284,nan,nan
1701073514316,nan,nan
1701073514348,nan,nan
1701073514384,0.0333275645971298,0.6319618225097656
1701073514419,0.0909212902188301,0.6569262444972992
1701073514457,0.1281704008579254,0.6628701388835907
1701073514494,0.1529934704303741,0.589479386806488
1701073514532,0.1973931193351745,0.49146032333374023
1701073514571,0.2482717335224151,0.4277094602584839
1701073514608,0.3059559762477875,0.3330382704734802
1701073514645,0.32979616522789,0.2865148186683655
1701073514681,0.3346286416053772,0.3027101159095764
1701073514718,0.3340396583080292,0.32378989458084106
1701073514757,0.3384552896022796,0.344119668006897
1701073514793,0.3513714671134949,0.3291093111038208
1701073514831,0.3426592051982879,0.3476043939590454
1701073514869,0.344755619764328,0.37100791931152344
1701073514905,0.3424943685531616,0.3568708896636963
1701073514943,0.3548381924629211,0.3215264081954956
1701073514985,0.3595949709415436,0.29363584518432617
1701073515022,0.3622764050960541,0.31735849380493164
1701073515059,0.3570062220096588,0.3241013288497925
1701073515094,0.3550305366516113,0.34324800968170166
1701073515131,0.3652553260326385,0.31144094467163086
1701073515170,0.3702065050601959,0.2881554961204529
1701073515206,0.3775662779808044,0.311268150806427
1701073515243,0.3758690357208252,0.333996057510376
1701073515279,0.3775437772274017,0.3483913540840149
1701073515317,0.0518170371651649,0.2628592848777771
1701073515354,nan,nan
1701073515391,nan,nan
1701073515427,nan,nan
1701073515462,nan,nan
1701073515496,nan,nan
1701073515532,nan,nan
1701073515566,0.2656469345092773,0.356731653213501
1701073515599,0.3531931936740875,0.3354801535606384
